1218598535851184
10665026455768375
11790926362610999
11376251658233423
30235075097847375
30491996113759408
40039764912170399
35020149701928527
47099019739688112
49498842090752084
70439062396921247
71564962303763871
56826922636315959
73535287140738463
60757841159178324
78601836721530271
80009211605083551
62456422170529079
65394893225880752
85357236162586015
75834021324973647
77374595936193847
80876016944966832
114349158763783583
105670368856303183
99892594073046327
102988818816863543
109453012130121812
134662291457500751
135506716387632719
156851880247092639
137171012287098032
133106641324903735
135067235010791508
170925629082625439
143926411728153776
148711486332234928
142385584405268564
156874260656843952
153363108496984148
162503760191057072
164755560004742320
168009538437025079
174201987924659511
219057850100147615
177288481517389908
189806832931990704
191214207815543984
191777157768965296
189120161690324279
242701748143842719
198127360945065271
198408835921775927
204319810432699703
256494022002664863
256775496979375519
231465129485167792
225702177511622740
277886120232674719
234842829205695664
256540956373214799
242037457311927607
253138702691888304
303781818090055071
267799955441641039
257923777295969456
270333230232036943
251607606520089911
277933054603224655
267360474064799828
286071274967035056
340092090085729695
291848797038626900
307744848173755568
321561675993376335
303961952188271927
316470572451785904
340701974409700943
340958895425612976
334632993498646612
334914468475357268
420875408401687967
359975472553692471
366439665866950740
392774845101172303
371515946598829367
460844855094601119
380513414702483540
391624391233531056
383056420643966263
479140728580793759
482518428301321631
407668464906038448
413297964440251568
401633769106869559
499969876857382303
408952118501346615
508414126158701983
432156787879865520
433001212809997488
426122092080696631
457232614767912527
445667586761977008
459484414581597775
451015611319479472
452422986203032752
440477315892940087
442447640729914679
444417965566889271
458052485737245872
485943062392399439
559361096943330719
476348359223438512
470022457296472148
495513211600561743
485355558478179504
578782870336365983
507898110575830607
499147832337001648
500836682197265584
487765111980330295
518875634667546191
603271193310193055
610589542704670111
529547129821752496
533487779495701680
535739579309386928
528860458580086071
640425890235999647
540391201474136148
536178807974563127
571792930289149519
573200305172702799
562761177073609904
578829804706915919
550534031786806583
586429629078103631
588118478938367567
571768376328350896
678987962045359519
569664599052044372
570800230109973815
594004899488492720
615703026656011855
620769576236803663
601323248882969776
623865800980620879
606108323487050928
610048973161000112
595007078107090231
621026497252715696
621307972229426352
604014277361831223
632566971297852592
616962126290521399
660176072976295503
643544495389568176
663272297720112719
757800955524343199
653677594551151792
659588569062075568
635257999776714039
682669517152349360
682950992129060016
686891641803009200
692950638851311700
740396441338832463
722638963845262512
725172238635658416
710693293535169847
763195914452395599
746282861888957616
872642746022290847
760075135747779760
765423160305282224
740248166089788727
740811116043210039
777245109327129776
779496909140815024
904167943413884319
782874608861342896
809357810632943183
917678742295995807
814424360213734991
794133607929769136
817520584957552207
803985232114642096
805955556951616688
946389189920482719
824814380391230640
789506287014153527
839732554156895408
840014029133606064
827495677719005268
810898385244163383
813994609987980599
835095502090192980
818498209615351095
859717277503351984
999025010565375391
831446058544041271
898303903273510479
839327357891939639
869716924225603668
920258951456941647
930392050618525263
911508673218112688
867756330539715895
935740075176027727
918545547635879088
927271271913909424
886333679002619191
932900771448122544
957695123359458895
942189445679574192
907162827279207735
908288727186050359
932204369055369300
915607076580527415
965270393769847984
920110676207897911
970618418327350448
998227520005793359
1114148276040033695
973018240678414420
1027500917583701583
1154399197709657503
1011150814973684912
1040167291535681103
989343789327632468
1022409814042111152
971057646992526647
986538770711612727
1191272419658753439
1042113062411857072
1024528161416464468
1054497961387125936
1209849768121656735
1055905336270679216
1034379785601337428
1011027093685439799
1013841843452546359
1015812168289520951
1071949409943186608
1078141859430821040
1078704809384242352
1029885917125053751
1030448867078475063
1090526758406089904
1042833766053743927
1075193657224382548
1055500140005723447
1056907514889276727
1085889706339387476
1117548356170312880
1118955731053866160
1130214730122292400
1082803212746657079
1117133428754270292
1178371505100613199
1153858628165987504
1185408379518379599
1101662036186271031
1179472851046657200
1218622426770237007
1358750030801593759
1219466851700368975
1228192575978399311
1200301999323245744
1234385025466033743
1240295999976957519
1215783123042331824
1218597872809438384
1195946422233253972
1400689802331481503
1197635272093517908
1229575396901153968
1277169221926053455
1279421021739738703
1215368195626289236
1182445354502229303
1222405070044055636
1254626669828402352
1188919278966574391
1228597519531690068
1294057720528692815
1259974694385904816
1193985828547366199
1298842795132773967
1239293568646694996
1455858897766770079
1279677942755650736
1465429046974932383
1218755626497903927
1330649467501078095
1267159591341049940
1484287870414546335
1493013594692576671
1350915665824245327
1289677589477902420
1257599173283974455
1531575666501936543
1308817887894227028
1347794887119629488
1273924721933192503
1350046686933314736
1298131569930308919
1371720260140035248
1377349759674248368
1577456087705773471
1421284410001909327
1354416834121353300
1588152136820778399
1327123492531506487
1447461582836000335
1614329309654869407
1355552465179282743
1362026389643627831
1486868079575492175
1415778379044276308
1500660353434314319
1501504778364446287
1472206826825739440
1472769776779160752
1509386077712344655
1476991901429820592
1693423778110563743
1404529111126936887
1698771802668066207
1408751235777596727
1701586552435172767
1423669409543261495
1545977824684729935
1470947474479564884
1517242823099444400
1735082074663740831
1518650197982997680
1477984348897331284
1478265823874041940
1522590847656946864
1745215173825324447
1572436472495531599
1492902522662996052
1576658597146191439
1763792522288227743
1459979681538936119
1462512956329332023
1546797695654063280
1591295295935145551
1780399545914156447
1470394255677230391
1563123244303281328
1807421143678379423
1617472468769236559
1544412443401046100
1824028167304308127
1508674852509879607
1633798017418454607
1643368166626616911
1521059751485148471
1571996991118690388
1582130090280274004
1589166964698040404
1887078562087495071
1653476711827401904
1901715260876449183
1661920961128721584
1705292661502961231
1622662486926608468
1579325071664254263
1674868810057411760
1678809459731360944
1679653884661492912
1683313059358731440
1933521933244753311
1644899010086750292
1942529132499494303
1695135008380578992
1734847534057580111
1947877157056996767
1604939294544923959
1954069606544631199
1704705157588741296
1614227968776375607
1666009633340049492
1969832205240427935
1976587604681483679
1628301717611908407
1979965304402011551
1776787305587467855
1702038430359013460
1753681803536395440
1793112854236685903
1756215078326791344
1711327104590465108
1763533427721268400
1720615778821916756
1776481276649958576
1731030352960211028
1816756752280381007
1781829301207461040
1782955201114303664
1789710600555359408
1793369775252597936
1795058625112861872
1757770475747723348
1763399975281936468
1851941124369213007
1815606298412739760
1771562749606545492
1820954322970242224
1774377499373652052
1722032884856556855
1722595834809978167
1781695848768129108
2105784618991674783
1787043873325631572
2119295417873786271
1848257395711175856
1886281071527913039
1855012795152231600
2135058016569583007
1894725320829232719
1754683982154992951
1869930968917896368
2155605689869460895
1774950180478160183
1880064068079479984
1881752917939743920
1884849142683561136
1839679693970524244
2176153363169338783
1848686893225265236
1898078466588961968
1898359941565672624
1794090478894484791
1794934903824616759
1909618940634098864
2195856611539084703
1949331466311099983
2199515786236323231
2205989710700668319
1920596464725814448
1922003839609367728
1960871940356236879
1964812590030186063
2215841334885541279
1930166613933976752
1883871265314097236
1937203488351743152
1833778450610687287
1902167138800289876
1991271237840987727
1906952213404371028
1915677937682401364
1963943611139255472
1964225086115966128
1971543435510443184
2269321580460565919
2011537436164154959
2272136330227672479
2277765829761885599
2282269429389256095
2288180403900179871
1873747897303600439
1875436747163864375
1990402258950057136
1943543960376756308
2042499683602327119
2010105507319803056
1972254408001243220
2338282949754676639
2341942124451915167
2070647181273392719
2030371705642970288
1925257818041650487
2043319554571660464
2044445454478503088
2365023072542188959
1931450267529284919
2047541679222320304
2375156171703772575
2064993127778380976
2085259326101548208
2086948175961812144
2089199975775497392
2133697576056579663
1978456588639964471
2442428691137619359
2132828597165649072
2477613063226451359
2480990762946979231
2021240785099984183
2142680221350522032
2144369071210785968
2033907159051963703
2162383469720267952
2040099608539598135
2115525171146967124
2518708409826207135
2171672143951719600
2542915257823323551
2070217431047638327
2555300156798592415
2557270481635567007
2214456340411739312
2170694266582255700
2171538691512387668
2242885313059515568
2284005213620069967
2610469252233880991
2247107437710175408
2200249139136874580
2259210861708733616
2631298400510469535
2304271411943237199
2141430600155434295
2152689599223860535
2226989261924386900
2228396636807940180
2287639834356509872
2288765734263352496
2331574484684170831
2339455784032069199
2241907435690051668
2340863158915622479
2305654232865991856
2172674322570317111
2307906032679677104
2255981184525584468
2183651846662032695
2319727981701524656
2321416831561788592
2366477381796292175
2266958708617300052
2334927630443900080
2376047531004454479
2274277058011777108
2274558532988487764
2354067928860224688
2356882678627331248
2366452827835493552
2368986102625889456
2313402079774558292
2315653879588243540
2379682151740894384
2242761591771270455
2251205841072590135
2398259500203797680
2262746315117727031
2406422274528406704
2265561064884833591
2801027811466995103
2459645599087519311
2462741823831336527
2280760713627209015
2427532897781705904
2821294009790162335
2475408197783316047
2376170999581034580
2378141324418009172
2490326371548980815
2449487945965137072
2450332370895269040
2506651920198198863
2469191194334882992
2871115080667948447
2322981960133807415
2407133247019206740
2875618680295318943
2473976268938964144
2521570093963863631
2328611459668020535
2480731668380019888
2530577293218604623
2541554817310320207
2437814019480668244
2507753266144242864
2445695318828566612
2363514356780141879
2565761665307436623
2519293740189379760
2523515864840039600
2526330614607146160
2462020867477784660
2534493388931755184
2538996988559125680
2544345013116628144
2546315337953602736
2964001822982464927
2615582736185222735
2569396286043876528
2993556695537083807
2510434563472017492
2582344134972566704
3024518942975255967
2600921483435470000
2603454758225865904
2669344456736958031
2620343256828505264
2477511722347957559
2629350456083246256
2568418408674412628
2725639452079089231
2612047030064564308
2536058517503774007
2539717692201012535
2701408050121174192
2753786949750154831
2756038749563840079
2550695216292728119
2551821116199570743
2635972403084970068
2718015073747102896
2771238398306215503
2567865189872078135
2657927451268401236
2732933247512767664
2785875097095169615
3183833779793487263
2796008196256753231
2745036671511325872
3195374253838624159
3196781628722177439
3197063103698888095
2676504799731304532
2753480920812645552
3212544227417974175
2814304069742945871
3213951602301527455
2771495319322127536
2773747119135812784
2829222243508610639
2830066668438742607
2625004610144341303
2643581958607244599
2853429091505727055
2815968365642411184
2831730964338207920
2669759131441335607
3307964244522886559
2890865263408244303
2772487766789638228
2783183815904643156
2790502165299120212
2793879865019648084
2917323911219045967
2919294236056020559
2800353789483993172
2878174335495466160
2711135953017802039
3358066790377383327
2888870384610471088
2817523763063343188
2941530759216162383
3371014639306073503
2820619987807160404
2898440533818633392
2732809526224522551
2906040358189821104
2906884783119953072
2830190137015322708
3396910337163453855
2917017882281536688
2928839831303384240
3428435534555047327
2767430948359933239
3439694533623473567
2998951654465136207
2953046679300500656
2779252897381780791
3446449933064529311
2787415671706389815
2889581357101271124
2799800570681658679
2980912701994855600
3485293479850599839
2821192668911668535
3005682499945393328
2839207067421150519
3522448176776406431
3028763448035667120
2853562291233393975
3087616272128992847
2966424025743280212
3561010248585766303
3104786245708342863
2875235864440114487
3583528246722618783
3595068720767755679
2903664837087890743
3090124992958590128
3019341321364883540
2920553335690530103
3109265291374914736
2926745785178164535
2933219709642509623
3644326841692120479
3667689264759104927
3677540888943977887
3683170388478191007
2972907681358712119
3077325166567278676
3700340362057541023
2990077654938062135
3097028414937024596
2995144204518853943
3112509538656110676
3113072488609531988
3012595653074914615
3211722182897593520
3259034532945782351
3219603482245491888
3135309011769673812
3270012057037497935
3228610681500232880
3041024625722690871
3155012260139419732
3792101204465214879
3053690999674670391
3059039024232172855
3255350804287745200
3062416723952700727
3258165554054851760
3302663154335934031
3263232103635643568
3267735703263014064
3269143078146567344
3179782058089957460
3315892478241334863
3182878282833774676
3078742272601918775
3298135000747764912
3101260270738771255
3301512700468292784
3311364324653165744
3114208119667461431
3359521099631486543
3317275299164089520
3227351329154058324
3364306174235567695
3230729028874586196
3327689873302383792
3328252823255805104
3336697072557124784
3338385922417388720
3899906120545396127
3900187595522106783
3347674596648840368
3149392491756293431
3916513144171324831
3358933595717266608
3361466870507662512
3405964470788744783
3364563095251479728
3413001345206511183
3283364849519478868
3375822094319905968
3381733068830829744
3295468273518037076
3435237868366653007
3400028942317022384
3198932087657368887
3316297421794625620
3415510066036108464
3469296340548642383
3341911644675295316
3231864659932515639
3348667044116351060
3483088614407464527
3351200318906746964
3442250188823620784
3352607693790300244
3492377288638916175
3248753158535154999
3458012787519417520
4035014109366511007
3516865611612743247
3519961836356560463
3273804431462403383
3479967835702848688
3523058061100377679
3524746910960641615
3486441760167193776
3493760109561670832
4074702081082713503
3552612933654996559
4089338779871667615
3560775707979605583
3516278107698523312
3427480037595334740
4101723678846936479
3431139212292573268
3579353056442508879
4113264152892073375
3452531310522583124
4128463801634448799
3607500554113574479
3562721478855781552
3563284428809202864
3577358177644735664
3581017352341974192
3581861777272106160
3636773951691482703
4175188647768417695
3388083272006929719
3617327624337648816
3619860899128044720
3410882745120492855
3681809947965187663
3415667819724574007
3632245798103313584
3534722003722094676
3692787472056903247
3642660372241607856
3647163971868978352
3550766077394602068
4253720166270690719
3442407942512086327
3715023995217045071
3657297071030561968
4261038515665167775
3663489520518196400
3667711645168856240
3667993120145566896
3460422341021568311
3677563269353729200
3735853143493633615
4303541237148476831
4309170736682689951
3712184691489139888
3767941290838648399
3723443690557566128
3783140939581023823
3738080389346520240
3527413385478704439
4362650982257714591
3532761410036206903
3757783637716266160
3759191012599819440
3771294436598377648
3776642461155880112
4407405503554708895
3697414540260853844
3579486256170175799
4427953176854586783
3803945533896813744
3843352030636305584
3751457735789299796
3917967453425428047
3869810678447107248
3930915302354118223
4519995494238971295
3876847552864873648
3939078076678727247
4542513492375823775
3804093556434192468
3974262448767559247
3975106873697691215
4576853439534523807
3701083446109179191
3927513048672791728
3994528647090726479
4598245537764533663
3941305322531613872
3945808922158984368
3948060721972669616
4019861394994685519
3962134470808202416
3971423145039654064
4039001693411010127
3895291448888445012
4065741816198522447
3896698823771998292
4013081441592831152
3913587322374637652
3918653871955429460
4086570964475110991
4027436665405074608
3806073612422253879
4709146678588532127
3813110486840020279
3940608920138860628
3817051136513969463
3944268094836099156
4047421388751531184
3827465710652263735
4055302688099429552
3961438068415449172
4060932187633642672
4744331050677364127
4066561687167855792
4748553175328023967
3843509784324771127
3844354209254903095
4076131836376018096
4077820686236282032
4079509536096545968
4080353961026677936
3990711465993357396
3861524182834253111
4779515422766196127
3866872207391755575
4098368359536159920
4793870646578439583
4107657033767611568
4107938508744322224
4799218671135942047
3876723831576628535
3882353331110841655
3884323655947816247
4196627680368977487
4132426831718149296
3899241829713481015
4202538654879901263
4205353404647007823
4042221386731407444
4840032542758987167
4207605204460693071
4051228585986148436
4220834528366093903
3922322777803754807
4859735791128733087
4062769060031285332
3928233752314678583
3936959476592708919
4238004501945443919
4186470027246595248
3963699599380221239
4272907399057565263
4916030786470864287
3974677123471936823
4282477548265727567
4285855247986255439
4224750624079244464
4225595049009376432
3992972996958129463
3994661846818393399
4001135771282738487
4009298545607347511
4318506345284691535
4250646321936624816
4254586971610574000
4336802218770884175
4170011026158045268
4345246468072203855
4999347379577218463
5000473279484061087
4034068343557885239
4182395925133314132
5011169328599066015
4281890044351507632
4065030590996057399
4209417522897537108
4388312139508934223
4313415241743101104
4080793189691854135
5069153173801461151
4326644565648501936
4335651764903242928
4095992838434229559
5085478722450679199
4417022587133421135
4417585537086842447
4244601894986369108
4110348062246473015
4431096335968953935
4113444286990290231
4116259036757396791
4260364493682165844
4123858861128584503
4129769835639508279
4280067742051911764
4384065460897475760
5156128941605053855
5157817791465317791
5158662216395449759
4293015590980601940
4398702159686429872
4305119014979160148
4168894857402289463
4496117055589115471
4502028030100039247
4423753432613678256
4427131132334206128
4511879654284912207
5223964410992321951
4335518312463910996
4189161055725456695
4434168006751972528
4194509080282959159
4446834380703952048
4352406811066550356
4533834702468343375
4538056827119003215
4541716001816241743
4462315504423038128
5280540881311163807
4476952203211992240
4566767274743490127
4491870376977657008